10
20
30
100
120
180
220
240
250
260
300
370
380
440
490
530
540
580
620
740
760
770
840
850
870
910
940
1090
1210
1230
1260
1270
1430
1560
1640
1730
1850
1960
2060
2070
2090
2130
2170
2260
2310
2340
2350
2380
2430
2470
2500
2510
2520
2570
2590
2600
2610
2620
2660
2670
2680
2780
2800
2820
2840
2930
2970
3000
3050
3130
3150
3180
3190
3280
3330
3390
3410
3460
3580
3660
3690
3730
3760
3810
3880
3960
4100
4180
4270
4360
4430
4460
4490
4520
4580
4610
4670
4750
4810
4930
5040
5070
5080
5090
5120
5130
5150
5190
5230
5250
5310
5370
5380
5390
5400
5450
5460
5470
5480
5490
5500
5510
5520
5550
5560
5570
5580
5590
5600
5610
5640
5690
5700
5710
5720
5730
5780
5790
5800
5810
5820
5830
5840
5870
5900
5910
5930
5940
5950
6000
6010
6020
6040
6060
6120
6140
6260
6280
6340
6380
6390
6400
6410
6460
6490
6520
6540
6560
6580
6600
6610
6680
6690
6700
6710
6730
6750
6780
6790
6800
6810
6880
6920
6940
6970
6990
7010
7030
7060
7080
7090
7120
7160
7170
7200
7240
7270
7320
7350
7360
7380
7390
7400
7410
7470
7490
7520
7530
7580
7630
7640
7680
7730
7760
7770
7780
7790
7840
7860
7920
7930
7960
7970
8030
8060
8080
8090
8120
8150
8230
8280
8290
8340
8350
8360
8380
8430
8520
8530
8600
8630
8660
8700
8720
8730
8760
8780
8800
8870
8890
8920
9000
9090
9100
9260
9280
9290
9320
9340
9350
9390
9420
9440
9460
9490
9510
9520
9540
9550
9560
9640
9650
9660
9670
9700
9790
9930
9990
10000
10010
10040
10070
10080
10120
10290
10300
10370
10390
10410
10420
10440
10600
10620
10690
10760
10860
10940
10950
10960
11010
11060
11070
11090
11100
11130
11240
11330
11340
11350
11410
11420
11440
11480
11540
11570
11640
11650
11660
11690
11700
11750
11890
11970
12010
12230
12260
12300
12310
12320
12350
12360
12380
12490
12520
12560
12650
12720
12840
12890
12900
13270
13310
13370
13390
13440
13500
13530
13570
13640
13700
13720
13780
13820
13850
13870
13890
13940
13950
13990
14130
14160
14210
14240
14250
14360
14390
14410
14430
14450
14500
14510
14540
14550
14730
14810
14850
14960
15000
15060
15130
15160
15170
15200
15230
15250
15280
15310
15340
15370
15420
15440
15450
15460
15500
15520
15550
15610
15640
15780
15790
15860
15910
15930
16000
16040
16070
16120
16270
16340
16370
16440
16500
16590
16740
16960
17040
17180
17250
17290
17380
17450
17650
17780
17820
17850
17900
17940
17990
18000
18020
18070
18140
18150
18260
18270
18290
18300
18380
18390
18440
18540
18600
18870
18890
18910
19090
19140
19160
19320
19340
19360
19400
19440
19470
19480
19510
19520
19530
19540
19550
19570
19590
19600
19680
19730
19760
19800
19830
19860
19890
19910
19920
19970
20050
20090
20100
20110
20130
20200
20210
20230
20280
20310
20330
20340
20360
20370
20380
20390
20400
20410
20440
20460
20480
20490
20500
20510
20560
20570
20600
20620
20630
20680
20740
20780
20830
20860
20870
20880
20910
20930
20990
21020
21040
21060
21070
21100
21110
21120
21150
21170
21180
21210
21270
21290
21350
21380
21520
21540
