529
86
4493
1 9 1
1 78 2
1 96 1
1 142 491
1 191 2
1 209 2
1 226 2
1 334 8
1 343 524
1 381 1
1 383 9
2 18 24
2 343 97
2 349 75
3 343 22
4 191 2
4 214 3
4 343 195
5 343 125
6 343 100
7 343 1
8 142 2
8 343 275
9 9 3
9 20 1
9 21 1
9 73 11
9 96 14
9 142 304
9 171 1
9 204 1
9 214 15
9 343 235
9 383 7
9 386 10
10 21 6
10 96 1
10 142 91
10 236 1
10 343 49
10 373 1
10 383 4
11 343 1
12 9 3
12 16 25
12 18 138
12 20 15
12 21 5
12 41 2
12 96 47
12 119 49
12 122 5
12 124 1
12 142 225
12 146 1
12 164 1
12 191 48
12 204 5
12 214 6
12 215 1
12 219 4
12 247 1
12 287 3
12 293 1
12 297 2
12 323 5
12 334 1
12 343 240
12 373 4
12 381 2
12 383 17
12 385 2
12 386 7
13 18 5
13 73 6
13 142 17
13 189 23
13 214 4
13 343 23
14 3 3
14 96 10
14 102 2
14 106 2
14 119 4
14 142 354
14 148 3
14 164 1
14 191 1
14 202 8
14 214 1
14 238 2
14 287 3
14 297 2
14 343 306
14 381 2
15 343 3
16 343 15
17 343 10
18 21 69
18 71 10
18 91 15
18 96 7
18 142 11
18 191 14
18 197 7
18 343 106
18 359 57
18 373 11
19 18 42
19 78 2
19 96 1
19 142 108
19 148 1
19 202 1
19 236 1
19 343 53
19 373 1
20 343 1
21 73 2
21 142 72
21 214 3
21 343 24
22 343 5
23 343 2
24 9 1
24 18 126
24 21 74
24 76 30
24 96 8
24 142 76
24 146 1
24 164 8
24 191 9
24 196 1
24 197 5
24 204 1
24 236 2
24 287 2
24 334 17
24 343 244
24 373 2
24 381 1
24 383 100
24 386 13
25 343 7
26 343 2
27 71 6
27 96 12
27 142 5
27 191 7
27 204 7
27 343 479
27 353 11
27 383 6
28 18 3
28 73 1
28 142 2
28 148 3
28 202 3
28 214 2
28 343 7
29 3 8
29 9 2
29 20 2
29 31 2
29 41 2
29 73 3
29 76 2
29 96 8
29 142 30
29 191 1
29 197 1
29 204 2
29 214 3
29 238 2
29 247 1
29 325 1
29 334 2
29 343 35
29 379 1
29 381 1
29 383 4
30 9 2
30 21 63
30 70 37
30 78 1
30 96 4
30 142 175
30 334 2
30 343 255
30 359 36
30 383 8
31 343 72
32 343 1
33 21 9
33 70 4
33 236 9
33 343 16
33 359 8
34 96 3
34 142 1
34 204 1
34 343 5
34 383 1
35 21 12
35 142 7
35 343 10
35 359 3
35 383 3
36 96 2
36 191 1
36 204 1
36 343 134
37 21 4
37 70 2
37 142 7
37 197 7
37 343 15
37 359 2
38 73 3
38 142 54
38 214 3
38 343 43
38 386 2
39 18 1
39 21 1
39 96 2
39 119 2
39 142 1
39 343 30
40 9 2
40 21 6
40 31 2
40 70 6
40 73 2
40 96 3
40 102 2
40 119 35
40 142 1
40 191 21
40 204 10
40 214 2
40 323 2
40 334 1
40 343 41
40 359 6
41 343 8
42 343 1
42 383 1
43 98 35
43 142 2
43 191 3
43 343 45
44 21 1
44 41 4
44 71 4
44 96 6
44 142 12
44 191 7
44 197 11
44 343 21
44 383 3
45 9 1
45 20 7
45 21 15
45 70 12
45 96 8
45 119 3
45 129 2
45 142 1
45 147 29
45 191 4
45 197 6
45 238 1
45 247 12
45 343 79
45 359 11
45 383 1
46 21 1
46 70 1
46 142 5
46 343 3
46 359 1
47 3 4
47 9 6
47 18 19
47 20 5
47 70 3
47 73 1
47 76 3
47 96 8
47 119 13
47 142 244
47 164 2
47 191 56
47 204 5
47 214 2
47 215 3
47 238 4
47 323 2
47 325 1
47 334 1
47 338 2
47 343 416
47 349 955
47 353 2
47 367 2
47 373 6
47 381 2
47 383 59
47 386 2
48 9 3
48 18 42
48 21 24
48 73 9
48 96 14
48 119 54
48 142 30
48 171 2
48 191 22
48 204 5
48 214 14
48 215 1
48 297 1
48 323 9
48 334 3
48 343 79
48 373 4
48 383 1
48 386 4
49 21 5
49 343 3
50 96 2
50 142 6
50 164 4
50 343 76
51 20 3
51 21 5
51 70 3
51 73 3
51 96 16
51 142 6
51 197 1
51 204 2
51 214 3
51 334 11
51 343 43
51 359 3
51 373 15
51 383 19
52 3 4
52 20 2
52 73 3
52 96 3
52 142 42
52 204 1
52 214 6
52 325 4
52 334 2
52 343 36
52 367 1
52 381 1
52 383 9
53 21 2
53 70 4
53 343 9
53 359 5
54 3 2
54 9 3
54 20 1
54 73 4
54 76 4
54 96 7
54 142 2
54 147 4
54 204 1
54 214 4
54 334 1
54 343 118
54 383 20
54 385 3
55 27 4
55 78 4
55 96 2
55 119 13
55 142 567
55 191 4
55 343 302
55 375 1
55 383 3
55 386 18
56 21 1
56 142 2
56 343 25
57 96 3
57 119 23
57 142 1
57 191 14
57 204 2
57 323 2
57 334 1
57 343 146
58 20 13
58 31 4
58 71 2
58 76 5
58 96 17
58 129 1
58 142 66
58 191 7
58 214 3
58 224 13
58 247 4
58 334 1
58 343 131
58 367 19
58 381 1
58 383 18
59 96 1
59 98 9
59 142 137
59 343 27
59 373 2
60 3 1
60 73 3
60 96 2
60 142 8
60 214 4
60 343 20
60 367 1
60 373 5
60 383 1
61 21 1
61 343 8
62 21 3
62 70 4
62 73 5
62 142 3
62 214 7
62 343 41
62 359 3
63 18 10
63 96 4
63 142 10
63 164 1
63 191 1
63 343 270
63 373 2
64 71 2
64 96 2
64 142 7
64 164 3
64 189 8
64 191 2
64 214 2
64 331 1
64 343 126
65 343 2
66 70 6
66 148 2
66 214 4
66 343 117
66 383 14
67 9 1
67 18 1
67 76 4
67 78 2
67 96 9
67 119 12
67 142 454
67 191 12
67 204 2
67 215 2
67 219 3
67 343 277
67 383 4
67 386 7
68 3 5
68 9 1
68 18 10
68 20 1
68 31 3
68 41 2
68 71 10
68 73 11
68 91 1
68 96 43
68 142 127
68 146 1
68 148 6
68 191 26
68 196 2
68 204 16
68 214 16
68 238 5
68 247 4
68 297 2
68 325 1
68 334 6
68 343 305
68 367 1
68 381 9
68 383 485
68 386 7
69 18 4
69 73 1
69 142 2
69 208 1
69 214 3
69 343 25
70 21 2
70 27 1
70 70 2
70 78 2
70 96 4
70 142 5
70 164 1
70 191 2
70 219 1
70 343 12
70 359 2
70 381 2
71 21 7
71 71 1
71 96 6
71 119 13
71 142 19
71 171 2
71 191 8
71 204 1
71 214 2
71 323 2
71 334 2
71 343 242
71 373 55
71 383 29
71 385 1
72 73 7
72 96 3
72 142 1
72 191 1
72 208 1
72 214 8
72 296 1
72 334 1
72 343 222
72 383 27
73 343 1
74 18 6
74 96 1
74 142 1
74 191 3
74 208 1
74 265 24
74 343 24
74 373 7
75 96 5
75 142 21
75 208 4
75 343 48
76 96 2
76 204 4
76 343 64
76 383 7
77 9 1
77 21 2
77 70 2
77 96 1
77 142 41
77 214 2
77 343 39
77 359 2
77 383 3
78 9 2
78 18 1
78 21 5
78 73 9
78 76 2
78 96 17
78 119 40
78 142 24
78 189 72
78 191 25
78 204 6
78 214 10
78 247 2
78 265 6
78 334 1
78 343 101
78 383 2
78 386 16
79 129 1
79 142 3
79 189 46
79 191 6
79 204 2
79 343 54
80 3 5
80 31 2
80 191 1
80 238 5
80 343 23
80 373 2
81 9 13
81 18 44
81 20 17
81 21 2
81 71 3
81 76 2
81 96 41
81 119 154
81 142 13
81 147 8
81 191 101
81 204 11
81 215 9
81 334 3
81 343 225
81 383 28
81 386 11
82 21 6
82 96 1
82 119 37
82 142 112
82 191 12
82 204 3
82 214 1
82 343 130
82 383 3
83 343 2
84 9 2
84 96 6
84 102 2
84 104 1
84 119 32
84 142 39
84 148 8
84 164 1
84 191 22
84 204 3
84 215 4
84 323 9
84 343 196
84 373 2
84 383 8
85 21 60
85 96 2
85 197 4
85 343 16
85 381 1
85 383 1
86 21 2
86 70 2
86 73 3
86 96 7
86 119 6
86 142 7
86 163 2
86 191 2
86 214 3
86 219 1
86 343 21
86 359 2
86 383 3
87 9 1
87 142 43
87 236 1
87 343 20
87 383 11
88 3 16
88 9 2
88 20 25
88 73 22
88 96 28
88 119 42
88 121 1
88 142 76
88 164 26
88 191 165
88 204 15
88 208 2
88 214 25
88 215 4
88 238 15
88 247 3
88 265 2
88 297 8
88 323 6
88 334 15
88 343 334
88 367 4
88 373 3
88 381 1
88 383 15
88 386 8
89 9 3
89 20 1
89 21 32
89 70 9
89 96 11
89 119 45
89 142 9
89 191 16
89 197 8
89 323 4
89 325 2
89 343 65
89 359 9
89 367 1
89 379 1
89 383 3
90 18 38
90 21 6
90 31 4
90 70 4
90 73 5
90 96 6
90 142 20
90 146 5
90 197 2
90 214 1
90 343 38
90 359 9
91 96 3
91 119 7
91 142 6
91 189 128
91 191 4
91 265 2
91 343 54
91 367 1
91 373 2
91 383 9
91 386 3
92 142 122
92 186 34
92 343 93
92 367 3
92 369 25
93 343 5
94 9 1
94 21 7
94 70 2
94 96 2
94 119 10
94 142 21
94 191 5
94 204 1
94 219 1
94 297 1
94 323 1
94 325 5
94 343 36
94 359 2
94 383 3
95 18 1
95 21 1
95 343 1
96 18 19
96 73 1
96 76 2
96 119 12
96 142 21
96 191 5
96 204 1
96 214 2
96 343 63
96 349 61
96 369 26
96 383 2
97 9 3
97 18 2
97 21 19
97 41 1
97 96 20
97 119 40
97 142 13
97 191 25
97 197 9
97 204 7
97 297 2
97 323 2
97 325 6
97 343 116
97 367 3
97 379 5
97 381 6
97 383 5
97 386 4
98 189 2
98 191 2
98 343 1
99 73 1
99 214 1
99 343 6
100 9 3
100 20 2
100 76 11
100 96 18
100 119 39
100 142 6
100 191 13
100 204 3
100 215 4
100 323 5
100 343 95
100 383 5
100 386 3
101 9 4
101 18 54
101 21 4
101 70 1
101 73 18
101 76 4
101 91 2
101 96 10
101 119 41
101 142 56
101 191 23
101 204 6
101 214 18
101 265 1
101 323 4
101 334 2
101 343 268
101 353 2
101 359 1
101 373 13
101 383 4
101 386 2
102 21 3
102 343 15
103 9 4
103 20 1
103 21 22
103 70 19
103 96 11
103 119 25
103 142 6
103 191 8
103 204 2
103 323 1
103 343 108
103 359 19
103 373 2
103 383 3
104 24 2
104 119 3
104 122 8
104 142 7
104 293 7
104 323 2
104 343 62
105 9 3
105 18 12
105 20 1
105 70 2
105 71 2
105 96 30
105 102 3
105 119 89
105 142 52
105 191 38
105 204 2
105 214 5
105 224 1
105 323 6
105 325 6
105 334 2
105 343 292
105 373 8
105 379 2
105 381 7
105 383 4
105 386 3
106 9 3
106 21 24
106 70 22
106 78 1
106 96 24
106 119 50
106 142 13
106 146 1
106 191 27
106 204 4
106 325 2
106 343 129
106 353 3
106 359 18
106 373 1
106 381 2
106 383 13
106 386 1
107 18 2
107 21 60
107 70 11
107 73 5
107 96 1
107 119 42
107 142 4
107 191 9
107 197 5
107 204 13
107 214 8
107 265 2
107 296 1
107 343 134
107 359 9
108 9 1
108 18 3
108 73 4
108 96 4
108 119 8
108 142 9
108 191 5
108 204 1
108 214 6
108 343 63
108 349 1
109 343 31
110 21 10
110 70 7
110 142 2
110 197 22
110 293 1
110 343 12
110 359 8
111 18 1
111 142 11
111 202 2
111 343 11
112 9 4
112 21 37
112 35 2
112 70 21
112 96 12
112 119 42
112 142 18
112 191 21
112 197 9
112 323 2
112 334 6
112 343 151
112 359 21
112 383 4
113 343 20
114 343 68
115 343 18
115 373 45
115 383 1
116 21 1
116 343 13
117 3 2
117 18 26
117 73 10
117 91 3
117 96 5
117 142 417
117 191 2
117 204 1
117 214 12
117 325 2
117 343 348
117 373 12
118 21 7
118 73 6
118 96 2
118 119 21
118 142 2
118 191 3
118 204 3
118 214 10
118 297 2
118 323 2
118 343 46
118 359 16
118 373 2
118 383 1
119 343 4
120 9 1
120 21 52
120 70 48
120 96 6
120 119 16
120 191 4
120 204 7
120 343 201
120 359 48
120 383 1
121 3 4
121 9 3
121 18 2
121 20 1
121 21 3
121 31 1
121 73 5
121 96 10
121 119 69
121 142 9
121 164 1
121 191 40
121 197 3
121 204 11
121 214 8
121 238 2
121 323 6
121 334 1
121 343 103
121 383 3
122 343 20
123 9 2
123 20 2
123 21 39
123 70 35
123 73 1
123 76 2
123 96 5
123 119 18
123 142 465
123 191 11
123 197 1
123 204 14
123 208 3
123 214 1
123 334 1
123 343 275
123 359 36
123 383 42
124 21 4
124 96 1
124 119 6
124 142 25
124 191 5
124 323 2
124 343 126
125 21 39
125 70 39
125 96 2
125 102 2
125 119 33
125 142 5
125 191 14
125 204 7
125 265 18
125 343 179
125 359 37
126 9 5
126 18 81
126 20 1
126 21 6
126 96 14
126 102 3
126 119 75
126 142 76
126 164 3
126 191 32
126 197 1
126 204 2
126 214 9
126 343 131
126 373 8
126 383 6
126 386 9
127 9 5
127 18 4
127 31 5
127 96 36
127 119 3
127 142 17
127 191 7
127 343 129
127 373 3
127 376 118
127 383 3
128 9 5
128 18 118
128 21 1
128 96 4
128 119 33
128 142 4
128 148 5
128 191 17
128 202 5
128 204 3
128 208 2
128 215 2
128 343 125
128 383 3
129 9 3
129 20 1
129 70 5
129 96 32
129 119 71
129 142 14
129 164 1
129 191 56
129 204 36
129 219 3
129 323 4
129 343 110
129 359 5
129 381 2
129 383 7
130 3 2
130 9 4
130 18 1
130 20 1
130 21 44
130 70 30
130 71 24
130 76 9
130 96 43
130 119 76
130 142 79
130 171 1
130 185 6
130 191 61
130 197 6
130 204 20
130 323 4
130 325 13
130 329 1
130 343 322
130 359 28
130 379 1
130 381 1
130 383 10
130 386 5
131 20 13
131 21 37
131 27 4
131 78 4
131 96 29
131 119 42
131 142 51
131 191 41
131 204 6
131 208 2
131 209 2
131 214 4
131 219 8
131 236 2
131 323 6
131 334 5
131 343 255
131 353 2
131 367 7
131 381 3
131 383 4
132 9 5
132 21 9
132 76 2
132 96 6
132 119 32
132 142 8
132 163 1
132 164 2
132 191 23
132 197 12
132 204 3
132 214 2
132 323 5
132 343 60
132 381 1
132 383 7
132 386 4
133 18 195
133 21 4
133 73 13
133 119 49
133 142 58
133 191 12
133 214 20
133 343 748
133 383 9
134 9 3
134 18 20
134 20 3
134 21 12
134 70 9
134 91 1
134 96 32
134 102 3
134 119 68
134 142 17
134 191 22
134 197 1
134 204 21
134 296 8
134 323 3
134 334 1
134 343 131
134 359 9
134 373 1
134 383 8
135 9 4
135 18 336
135 41 8
135 96 26
135 119 91
135 142 194
135 164 4
135 191 62
135 204 5
135 214 4
135 296 14
135 323 4
135 325 1
135 334 1
135 343 236
135 353 2
135 359 7
135 381 1
135 383 49
135 386 15
136 343 4
137 9 1
137 18 3
137 21 1
137 96 1
137 119 14
137 142 3
137 191 8
137 204 1
137 214 3
137 296 2
137 343 279
137 383 1
137 386 6
138 9 1
138 18 52
138 21 1
138 96 4
138 119 20
138 122 2
138 142 2
138 171 1
138 185 58
138 191 43
138 215 1
138 265 5
138 343 124
138 349 422
138 383 2
139 21 2
139 96 4
139 119 15
139 142 5
139 191 9
139 204 3
139 323 2
139 343 94
140 18 425
140 31 1
140 96 3
140 119 15
140 191 5
140 204 1
140 208 3
140 343 334
140 367 1
141 9 1
141 21 4
141 27 4
141 96 7
141 102 3
141 119 20
141 142 2
141 191 4
141 204 2
141 247 2
141 323 2
141 343 91
141 383 18
142 3 1
142 9 8
142 20 1
142 21 5
142 27 2
142 71 18
142 76 4
142 96 52
142 102 3
142 119 89
142 142 66
142 146 16
142 171 1
142 191 68
142 196 3
142 204 68
142 247 4
142 293 1
142 325 1
142 329 3
142 334 5
142 343 176
142 353 1
142 373 4
142 379 1
142 381 1
142 383 8
143 119 9
143 142 4
143 191 15
143 214 4
143 265 11
143 323 2
143 343 230
143 373 2
144 343 7
145 21 2
145 24 2
145 73 22
145 75 1
145 96 5
145 102 8
145 104 4
145 119 25
145 122 36
145 129 16
145 142 11
145 148 5
145 191 10
145 192 183
145 202 4
145 204 5
145 214 23
145 247 8
145 293 4
145 305 1
145 343 894
145 375 2
145 383 902
146 2 4
146 3 2
146 20 4
146 21 12
146 41 5
146 73 9
146 91 1
146 96 9
146 119 22
146 142 21
146 146 4
146 165 4
146 171 1
146 191 16
146 204 2
146 214 10
146 238 1
146 334 2
146 343 127
146 383 4
146 386 6
147 9 5
147 18 7
147 21 37
147 70 17
147 96 21
147 119 93
147 142 11
147 191 54
147 197 4
147 204 27
147 296 5
147 323 4
147 343 154
147 359 16
147 383 8
147 386 3
148 71 4
148 96 5
148 142 8
148 148 2
148 343 51
148 373 16
148 381 2
149 21 1
149 343 8
150 9 1
150 71 2
150 96 14
150 142 56
150 186 11
150 191 4
150 204 1
150 334 3
150 343 167
150 353 9
150 383 33
151 9 4
151 18 4
151 20 2
151 21 48
151 73 9
151 76 4
151 96 48
151 119 26
151 141 4
151 142 14
151 171 1
151 191 18
151 197 4
151 204 11
151 214 12
151 226 4
151 338 2
151 343 150
151 359 24
151 381 2
151 383 40
151 386 3
152 20 15
152 21 3
152 71 33
152 73 12
152 96 12
152 119 17
152 142 426
152 191 30
152 204 1
152 214 18
152 323 2
152 343 168
153 2 4
153 9 1
153 20 4
153 21 19
153 70 15
153 96 19
153 119 18
153 142 9
153 191 15
153 204 19
153 325 2
153 334 4
153 343 99
153 353 1
153 359 15
153 379 1
153 381 2
153 383 44
153 385 7
154 343 1
155 343 2
156 2 3
156 9 2
156 20 2
156 21 3
156 70 3
156 96 4
156 119 15
156 142 5
156 191 6
156 204 1
156 329 1
156 334 2
156 343 29
156 359 3
156 383 10
157 9 4
157 18 5
157 20 2
157 21 7
157 70 4
157 71 2
157 96 22
157 119 54
157 142 26
157 146 4
157 191 26
157 204 3
157 247 8
157 305 1
157 325 5
157 343 107
157 359 4
157 379 4
157 383 16
157 386 2
158 9 28
158 18 10
158 70 11
158 96 46
158 102 43
158 104 10
158 106 26
158 119 244
158 142 36
158 191 146
158 204 20
158 215 24
158 323 10
158 343 316
158 383 8
158 386 7
159 3 2
159 31 1
159 96 2
159 119 5
159 142 19
159 191 4
159 343 115
160 20 21
160 73 12
160 76 12
160 96 10
160 119 22
160 142 44
160 164 7
160 191 10
160 204 8
160 209 2
160 214 14
160 215 2
160 323 2
160 334 26
160 343 267
160 373 5
160 383 21
161 18 40
161 73 5
161 96 3
161 119 2
161 142 125
161 214 6
161 325 1
161 329 1
161 343 58
161 383 1
162 9 3
162 18 6
162 21 11
162 31 1
162 70 10
162 73 10
162 76 6
162 96 21
162 119 69
162 142 392
162 191 21
162 204 3
162 214 11
162 325 53
162 334 5
162 343 186
162 359 10
162 373 4
162 376 2
162 379 1
162 381 3
162 383 7
162 386 5
163 9 1
163 20 2
163 71 8
163 73 17
163 96 11
163 104 2
163 119 22
163 142 54
163 164 1
163 191 23
163 204 2
163 214 22
163 323 6
163 343 169
163 367 1
163 383 9
164 9 1
164 18 5
164 20 7
164 96 14
164 119 11
164 142 332
164 191 7
164 204 2
164 343 90
164 369 2
164 373 13
164 383 2
165 9 9
165 20 1
165 21 66
165 73 1
165 96 38
165 119 77
165 142 72
165 163 2
165 191 41
165 204 4
165 214 2
165 247 2
165 296 5
165 323 10
165 343 279
165 359 26
165 373 5
165 383 23
165 385 5
165 386 70
166 9 7
166 18 229
166 96 37
166 119 171
166 142 526
166 191 112
166 204 15
166 214 3
166 215 4
166 325 1
166 343 343
166 353 2
166 367 1
166 381 2
166 383 3
166 386 36
167 18 1
167 21 4
167 70 2
167 343 9
167 359 2
168 3 5
168 9 1
168 31 1
168 71 10
168 76 2
168 91 2
168 96 23
168 119 6
168 142 196
168 191 11
168 208 2
168 214 2
168 238 2
168 297 2
168 343 187
168 367 1
168 373 13
168 381 2
168 383 5
169 142 17
169 214 2
169 343 36
170 2 1
170 3 1
170 9 2
170 20 4
170 76 2
170 96 7
170 119 3
170 142 31
170 147 3
170 164 1
170 191 3
170 238 1
170 334 1
170 343 39
170 367 1
170 373 2
170 381 1
171 343 1
172 73 2
172 119 4
172 142 47
172 146 3
172 214 6
172 343 17
173 21 72
173 73 2
173 96 8
173 142 10
173 214 4
173 343 38
173 386 2
174 343 5
175 21 2
175 71 6
175 73 4
175 96 5
175 119 28
175 142 9
175 191 16
175 214 5
175 343 58
175 373 10
175 383 7
176 21 1
176 71 12
176 96 6
176 142 426
176 191 26
176 208 1
176 209 1
176 214 2
176 343 152
176 353 3
177 18 29
177 21 7
177 76 1
177 96 7
177 119 6
177 142 7
177 189 78
177 191 1
177 197 1
177 343 47
177 373 3
177 383 4
178 18 110
178 71 2
178 91 2
178 96 1
178 102 5
178 106 8
178 142 50
178 186 30
178 191 5
178 338 4
178 343 109
178 367 6
178 381 1
178 383 11
179 9 1
179 18 3
179 21 3
179 96 7
179 119 44
179 142 25
179 191 23
179 204 7
179 287 1
179 296 1
179 297 3
179 323 4
179 325 1
179 343 142
179 383 4
180 21 43
180 197 5
180 343 20
181 119 4
181 142 5
181 191 1
181 215 2
181 343 4
182 96 2
182 191 2
182 343 35
183 21 2
183 96 2
183 119 6
183 142 2
183 191 5
183 197 1
183 343 19
184 21 31
184 91 14
184 96 20
184 142 16
184 196 14
184 334 16
184 343 30
184 359 3
184 383 1
184 386 3
185 9 2
185 20 2
185 21 14
185 76 2
185 96 26
185 119 33
185 129 1
185 142 10
185 191 14
185 204 5
185 208 7
185 214 1
185 215 2
185 247 49
185 323 6
185 334 3
185 343 311
185 383 35
186 9 5
186 20 4
186 21 1
186 96 9
186 119 57
186 142 22
186 148 5
186 191 28
186 202 4
186 204 4
186 208 3
186 334 10
186 343 101
186 381 2
186 383 2
187 96 2
187 142 13
187 214 2
187 343 27
188 9 3
188 76 4
188 96 2
188 334 2
188 343 19
189 18 26
189 21 2
189 70 6
189 96 3
189 119 14
189 191 7
189 343 25
189 359 6
190 71 5
190 96 1
190 142 7
190 191 5
190 343 9
191 76 2
191 142 9
191 148 2
191 202 9
191 247 2
191 343 54
191 373 3
192 18 3
192 21 8
192 70 7
192 96 7
192 102 4
192 119 35
192 142 9
192 191 19
192 197 1
192 204 11
192 296 2
192 343 65
192 359 7
192 383 3
193 21 1
193 70 1
193 343 2
193 359 1
194 343 2
195 9 1
195 21 2
195 70 6
195 96 1
195 119 12
195 191 2
195 343 18
195 359 6
195 383 1
196 343 2
197 9 1
197 21 9
197 70 8
197 96 1
197 119 2
197 191 1
197 197 2
197 323 1
197 343 15
197 359 8
197 383 1
198 18 32
198 31 8
198 76 10
198 91 2
198 96 19
198 142 77
198 204 1
198 334 2
198 343 30
198 359 21
198 383 1
198 385 3
199 142 4
199 343 4
200 18 6
200 20 4
200 41 6
200 96 14
200 119 2
200 142 238
200 191 10
200 325 3
200 338 2
200 343 100
200 353 3
200 367 1
200 373 2
200 383 6
201 3 5
201 9 1
201 20 5
201 21 2
201 31 1
201 96 20
201 104 2
201 119 23
201 142 17
201 164 2
201 191 24
201 197 2
201 204 14
201 238 2
201 343 50
201 383 2
201 386 5
202 3 2
202 21 3
202 76 2
202 78 2
202 96 15
202 119 4
202 142 40
202 191 1
202 204 9
202 214 3
202 238 9
202 297 2
202 325 4
202 334 1
202 338 3
202 343 65
202 376 7
202 381 1
202 383 2
202 386 5
203 18 51
203 20 1
203 21 18
203 70 15
203 71 9
203 96 11
203 142 94
203 191 18
203 193 1
203 334 4
203 343 102
203 359 15
203 381 2
203 386 3
204 142 3
204 208 1
204 343 47
205 21 1
205 76 1
205 96 6
205 119 2
205 142 30
205 343 34
205 383 1
206 9 2
206 21 13
206 70 7
206 73 1
206 96 7
206 102 2
206 119 26
206 142 9
206 191 13
206 204 9
206 214 3
206 215 1
206 323 2
206 343 113
206 383 109
207 3 4
207 21 25
207 31 1
207 70 3
207 96 1
207 197 45
207 238 1
207 343 31
207 359 3
208 21 52
208 119 7
208 142 1
208 191 2
208 343 25
208 359 3
208 383 2
209 96 2
209 119 4
209 142 19
209 191 4
209 204 1
209 343 16
209 383 12
210 21 1
210 142 6
210 214 2
210 343 2
211 9 2
211 18 60
211 20 54
211 96 27
211 119 54
211 142 67
211 146 1
211 186 2
211 191 12
211 215 2
211 325 55
211 343 79
211 383 4
212 343 2
213 9 1
213 21 1
213 73 1
213 96 1
213 142 2
213 191 1
213 214 1
213 343 25
213 383 1
213 386 2
214 21 10
214 70 6
214 73 6
214 142 183
214 197 1
214 214 6
214 343 144
214 359 16
215 343 13
216 9 4
216 18 5
216 20 2
216 21 2
216 78 2
216 96 20
216 98 8
216 102 1
216 119 140
216 142 41
216 148 7
216 164 1
216 191 80
216 202 11
216 204 13
216 215 12
216 293 3
216 296 1
216 323 10
216 343 229
216 381 6
216 383 11
216 386 2
217 3 2
217 18 2
217 119 10
217 142 3
217 191 5
217 209 2
217 215 2
217 323 4
217 343 224
217 383 1
218 18 21
218 20 1
218 21 39
218 96 6
218 119 20
218 142 23
218 189 5
218 191 4
218 197 36
218 204 3
218 334 1
218 343 53
218 373 9
218 383 76
218 385 1
219 21 1
219 96 2
219 119 4
219 142 153
219 204 1
219 323 2
219 343 90
219 386 2
220 73 2
220 96 8
220 119 5
220 142 106
220 191 4
220 208 3
220 214 2
220 343 53
220 383 7
221 21 25
221 70 18
221 96 6
221 119 8
221 142 13
221 147 10
221 191 4
221 197 1
221 334 2
221 343 75
221 359 19
221 373 1
221 386 1
222 3 2
222 18 6
222 41 4
222 71 12
222 73 34
222 96 12
222 119 6
222 142 50
222 171 3
222 191 32
222 204 1
222 214 34
222 343 79
222 383 2
223 18 46
223 21 3
223 142 78
223 343 49
224 18 59
224 76 3
224 96 14
224 119 48
224 142 16
224 148 8
224 189 50
224 191 31
224 202 5
224 204 3
224 215 2
224 323 2
224 343 129
224 367 1
224 381 1
225 18 32
225 96 5
225 119 22
225 142 191
225 164 1
225 191 10
225 204 3
225 208 2
225 215 3
225 329 1
225 343 117
225 373 1
225 379 2
225 383 21
226 3 6
226 96 6
226 142 317
226 191 9
226 343 177
226 367 3
227 18 7
227 21 10
227 41 4
227 70 4
227 96 7
227 142 11
227 191 5
227 197 6
227 343 21
227 359 4
227 383 5
228 21 2
228 142 13
228 343 29
228 373 5
229 343 6
230 9 3
230 21 1
230 41 2
230 70 170
230 96 12
230 119 39
230 142 54
230 146 1
230 148 6
230 191 16
230 202 11
230 204 1
230 215 2
230 247 2
230 323 6
230 343 282
230 367 1
230 381 17
230 383 5
231 21 1
231 142 87
231 343 32
232 21 1
232 31 2
232 71 2
232 96 6
232 119 6
232 142 12
232 191 5
232 343 21
232 359 5
232 367 2
233 9 2
233 21 118
233 96 10
233 119 11
233 142 11
233 171 1
233 191 3
233 204 2
233 323 2
233 343 61
233 359 11
233 381 2
233 383 7
234 18 5
234 96 2
234 119 4
234 142 5
234 191 1
234 197 26
234 204 2
234 325 2
234 343 30
234 359 6
234 379 2
234 383 1
235 21 4
235 70 1
235 73 1
235 142 3
235 214 1
235 343 15
235 359 1
235 373 1
236 73 4
236 96 11
236 142 1
236 214 7
236 343 27
236 383 10
237 343 1
238 9 2
238 18 1
238 21 11
238 70 8
238 91 4
238 96 3
238 119 16
238 142 6
238 191 2
238 204 1
238 338 7
238 343 66
238 359 8
238 383 14
239 142 8
239 343 18
239 373 2
239 383 12
240 20 1
240 21 35
240 70 2
240 71 11
240 96 10
240 119 14
240 142 43
240 191 7
240 296 1
240 325 5
240 343 75
240 359 2
240 381 2
240 383 2
240 386 2
241 18 13
241 21 2
241 96 1
241 119 4
241 142 78
241 148 1
241 191 1
241 202 1
241 343 30
242 18 2
242 20 4
242 71 12
242 76 2
242 96 17
242 142 144
242 191 11
242 204 5
242 297 2
242 334 3
242 343 91
242 383 21
243 2 3
243 9 1
243 20 2
243 71 6
243 96 11
243 142 175
243 191 4
243 204 1
243 334 4
243 343 47
243 373 19
243 383 10
244 3 2
244 31 1
244 73 9
244 96 2
244 142 15
244 204 1
244 238 3
244 334 1
244 343 33
245 119 10
245 142 104
245 191 4
245 204 1
245 343 32
246 142 103
246 191 1
246 343 65
247 71 4
247 142 20
247 148 3
247 191 7
247 343 37
248 21 1
248 70 1
248 343 3
248 359 1
248 383 2
249 9 3
249 96 5
249 142 27
249 191 1
249 333 1
249 343 40
249 373 3
249 383 6
249 386 4
250 9 1
250 20 2
250 73 3
250 96 10
250 119 10
250 142 25
250 191 4
250 204 1
250 214 7
250 323 2
250 343 67
250 383 3
250 386 4
251 343 2
252 9 2
252 21 16
252 70 5
252 73 1
252 96 2
252 119 17
252 142 13
252 164 3
252 191 12
252 197 7
252 204 3
252 208 3
252 214 2
252 323 4
252 343 50
252 359 5
252 381 1
252 383 1
253 343 1
254 21 13
254 27 4
254 70 2
254 73 2
254 78 2
254 96 8
254 102 7
254 104 2
254 119 24
254 142 19
254 191 11
254 197 1
254 204 3
254 214 5
254 323 2
254 343 55
254 359 2
254 383 1
255 9 1
255 20 3
255 21 16
255 70 6
255 96 9
255 119 33
255 142 26
255 163 1
255 191 17
255 196 2
255 204 7
255 247 1
255 343 67
255 359 6
255 381 3
255 383 9
255 385 2
255 386 4
256 20 2
256 96 3
256 102 5
256 104 11
256 106 2
256 142 1
256 191 3
256 343 24
256 383 5
257 9 3
257 20 2
257 21 7
257 70 6
257 96 12
257 119 45
257 142 7
257 191 16
257 204 3
257 305 4
257 323 1
257 334 11
257 343 63
257 359 6
257 383 8
258 18 79
258 73 2
258 78 7
258 96 5
258 119 8
258 142 90
258 191 4
258 204 2
258 214 2
258 323 2
258 343 94
258 373 2
259 21 1
259 343 2
260 9 1
260 142 3
260 343 39
260 373 2
260 383 3
261 3 12
261 21 113
261 31 2
261 96 7
261 119 4
261 142 16
261 238 4
261 343 29
261 386 5
262 21 2
262 96 1
262 119 6
262 142 7
262 191 2
262 196 2
262 204 1
262 323 2
262 343 14
263 9 3
263 18 154
263 20 38
263 31 3
263 71 5
263 73 7
263 96 92
263 119 5
263 142 287
263 191 12
263 196 1
263 214 10
263 265 63
263 323 2
263 334 1
263 343 237
263 383 52
264 343 37
265 9 3
265 31 1
265 96 6
265 119 38
265 122 6
265 142 578
265 147 1
265 191 18
265 204 2
265 208 1
265 265 4
265 297 2
265 323 3
265 343 146
265 376 1
265 383 9
266 18 6
266 96 5
266 142 9
266 189 3
266 204 3
266 287 2
266 343 41
266 383 4
266 386 2
267 20 6
267 21 1
267 73 2
267 91 2
267 96 7
267 119 7
267 142 31
267 147 11
267 191 3
267 197 7
267 208 1
267 214 6
267 323 2
267 343 32
267 367 1
267 383 1
268 20 2
268 96 2
268 142 109
268 334 2
268 343 174
269 18 489
269 73 24
269 96 7
269 119 39
269 142 1224
269 146 3
269 191 10
269 208 1
269 214 37
269 343 242
269 383 5
269 386 2
270 21 7
270 70 5
270 96 6
270 142 7
270 191 5
270 297 4
270 338 2
270 343 99
270 359 5
270 373 4
270 386 6
271 18 22
271 71 10
271 73 22
271 96 5
271 119 6
271 142 26
271 191 10
271 214 15
271 296 2
271 325 1
271 343 47
271 349 32
271 373 22
271 383 1
271 386 2
272 9 2
272 18 5
272 21 1
272 41 2
272 71 2
272 73 4
272 96 10
272 119 19
272 142 108
272 191 13
272 204 1
272 214 4
272 323 2
272 343 59
272 383 1
273 18 2
273 142 8
273 189 4
273 343 3
274 9 5
274 16 2
274 20 2
274 21 2
274 70 2
274 96 7
274 98 4
274 119 14
274 142 9
274 191 8
274 204 2
274 296 4
274 334 2
274 343 21
274 359 2
274 383 3
274 386 5
275 21 3
275 91 3
275 96 3
275 119 3
275 142 13
275 191 3
275 208 2
275 325 5
275 334 5
275 343 59
275 383 2
276 9 1
276 18 10
276 96 3
276 119 11
276 142 29
276 191 8
276 204 1
276 215 2
276 323 3
276 325 1
276 343 53
276 379 1
276 383 1
277 21 1
277 96 5
277 119 17
277 142 29
277 171 1
277 191 6
277 208 1
277 215 2
277 323 2
277 343 226
277 376 6
277 383 8
278 119 5
278 142 2
278 191 3
278 204 2
278 343 14
278 383 7
279 9 1
279 96 3
279 142 27
279 214 2
279 247 1
279 343 79
279 373 3
280 9 1
280 73 3
280 96 3
280 119 9
280 142 21
280 191 3
280 204 1
280 208 1
280 214 3
280 325 3
280 343 13
280 383 1
281 9 5
281 21 1
281 96 6
281 102 1
281 119 33
281 142 35
281 191 15
281 204 9
281 323 2
281 325 1
281 343 56
281 381 2
281 383 7
281 386 2
282 119 2
282 142 4
282 343 4
283 21 3
283 27 3
283 78 2
283 96 2
283 119 1
283 142 28
283 323 1
283 343 24
284 21 6
284 96 2
284 119 8
284 142 6
284 191 2
284 197 5
284 204 1
284 329 11
284 343 57
284 383 4
285 21 8
285 70 5
285 73 1
285 96 6
285 119 14
285 142 1
285 191 2
285 197 1
285 343 17
285 359 5
286 21 1
286 343 1
287 18 4
287 20 2
287 41 3
287 76 2
287 96 7
287 142 5
287 191 2
287 247 2
287 325 2
287 334 1
287 343 19
287 359 3
287 386 4
288 3 1
288 18 14
288 73 4
288 96 11
288 119 13
288 142 86
288 164 5
288 189 125
288 191 2
288 204 2
288 214 9
288 215 3
288 343 99
288 373 8
288 383 3
289 9 2
289 76 3
289 142 5
289 343 57
289 383 1
290 9 1
290 18 68
290 73 9
290 96 8
290 119 3
290 142 10
290 191 4
290 204 1
290 214 12
290 215 1
290 219 1
290 323 2
290 325 2
290 343 121
290 383 26
291 21 11
291 27 6
291 73 1
291 96 1
291 119 4
291 142 15
291 191 2
291 214 2
291 343 11
291 383 4
292 18 4
292 73 6
292 96 2
292 142 28
292 191 1
292 204 1
292 214 4
292 343 54
292 383 1
293 16 10
293 73 4
293 96 3
293 142 92
293 164 3
293 191 10
293 214 4
293 247 26
293 334 4
293 343 54
293 383 3
293 386 2
294 343 10
295 18 3
295 70 2
295 96 5
295 119 8
295 142 63
295 343 51
295 359 2
295 383 7
296 142 1
296 343 1
297 343 3
298 71 1
298 142 4
298 148 4
298 191 1
298 202 5
298 343 14
299 9 1
299 18 4
299 21 9
299 70 9
299 71 3
299 78 1
299 96 2
299 119 2
299 142 11
299 191 6
299 343 67
299 359 9
299 381 1
299 383 3
300 343 4
300 373 2
301 70 8
301 142 58
301 343 28
302 18 5
302 142 2
302 343 26
302 381 1
303 18 1
303 21 21
303 70 3
303 73 2
303 96 6
303 102 2
303 119 16
303 142 27
303 191 1
303 197 11
303 204 3
303 214 3
303 323 2
303 329 5
303 343 61
303 359 3
303 386 4
304 343 1
305 21 2
305 96 1
305 119 6
305 142 29
305 191 3
305 197 1
305 343 23
306 96 4
306 142 6
306 148 11
306 189 8
306 191 4
306 202 3
306 343 80
306 367 1
307 9 2
307 20 2
307 96 1
307 204 2
307 265 2
307 343 11
307 367 3
307 383 3
308 343 30
309 9 1
309 21 3
309 70 1
309 71 2
309 73 4
309 96 3
309 119 3
309 142 31
309 191 2
309 197 5
309 214 4
309 343 15
309 359 1
310 20 2
310 73 2
310 96 1
310 142 26
310 214 2
310 343 20
310 375 1
310 383 3
311 18 5
311 189 3
311 343 2
312 9 1
312 21 5
312 70 2
312 71 1
312 96 4
312 119 8
312 142 3
312 191 4
312 197 1
312 204 1
312 323 1
312 343 21
312 359 2
312 383 11
312 385 1
313 18 4
313 91 2
313 96 5
313 142 13
313 247 5
313 325 1
313 343 17
314 208 1
314 343 4
315 3 3
315 20 1
315 21 7
315 41 4
315 71 4
315 73 5
315 96 25
315 98 2
315 119 11
315 141 1
315 142 27
315 164 4
315 165 1
315 191 16
315 197 1
315 204 4
315 238 3
315 247 2
315 297 6
315 323 1
315 325 1
315 334 2
315 343 49
315 379 1
315 383 10
315 386 3
316 343 14
317 20 11
317 96 6
317 142 40
317 247 4
317 325 4
317 334 1
317 343 62
317 373 17
317 383 1
318 9 4
318 18 65
318 96 7
318 119 7
318 142 16
318 148 4
318 191 20
318 202 4
318 208 2
318 209 6
318 214 2
318 265 2
318 297 4
318 323 2
318 334 2
318 343 113
318 381 1
318 383 363
319 21 5
319 119 5
319 142 2
319 191 2
319 343 9
319 383 5
320 3 2
320 16 1
320 18 70
320 31 1
320 71 1
320 78 3
320 96 13
320 119 31
320 142 6
320 191 16
320 204 1
320 238 1
320 323 5
320 343 91
320 373 2
321 18 5
321 20 4
321 142 18
321 204 1
321 214 1
321 287 1
321 343 15
322 18 7
322 21 163
322 70 2
322 91 4
322 96 1
322 119 1
322 142 17
322 197 90
322 343 76
322 373 2
323 9 2
323 21 7
323 70 3
323 91 2
323 96 3
323 119 23
323 142 10
323 191 9
323 343 42
323 359 1
323 383 1
324 3 16
324 9 2
324 18 22
324 20 10
324 21 1
324 31 8
324 70 11
324 71 1
324 76 2
324 91 3
324 96 41
324 104 1
324 106 3
324 119 3
324 142 207
324 148 7
324 191 23
324 196 1
324 202 8
324 204 3
324 208 1
324 214 6
324 238 13
324 247 1
324 287 1
324 325 4
324 334 9
324 338 2
324 343 346
324 359 9
324 367 3
324 373 25
324 381 1
324 383 17
324 386 1
325 18 2
325 71 5
325 96 8
325 119 30
325 142 127
325 191 14
325 214 3
325 215 2
325 323 4
325 343 116
325 375 2
325 381 2
325 383 19
326 9 2
326 21 5
326 73 4
326 96 2
326 119 9
326 142 8
326 191 2
326 197 1
326 204 1
326 214 6
326 343 42
326 383 2
327 18 10
327 96 2
327 142 2
327 148 2
327 191 2
327 226 2
327 343 5
328 9 1
328 73 2
328 96 5
328 119 10
328 142 7
328 191 4
328 204 1
328 214 3
328 323 2
328 325 2
328 343 25
328 383 11
329 343 1
330 343 1
331 142 1
331 343 2
332 343 2
333 96 1
333 119 9
333 142 7
333 191 5
333 204 1
333 323 4
333 343 17
333 373 11
334 343 1
335 343 1
336 20 5
336 21 2
336 73 7
336 91 5
336 96 10
336 119 9
336 142 26
336 146 2
336 164 2
336 191 3
336 204 1
336 214 11
336 323 2
336 333 1
336 334 2
336 343 81
336 373 2
336 383 6
336 386 2
337 20 2
337 21 24
337 70 14
337 96 2
337 119 34
337 142 3
337 171 1
337 191 20
337 197 2
337 204 3
337 343 66
337 359 13
337 383 3
338 9 1
338 20 1
338 21 2
338 76 1
338 96 2
338 119 1
338 142 119
338 191 4
338 343 67
338 359 11
338 373 1
338 383 2
339 20 3
339 21 4
339 96 25
339 119 3
339 142 83
339 146 2
339 191 12
339 204 2
339 208 1
339 214 3
339 247 7
339 325 3
339 343 187
339 373 44
339 381 1
339 383 1
339 386 62
340 191 5
340 343 46
341 20 5
341 21 15
341 76 7
341 96 21
341 98 5
341 142 10
341 204 1
341 334 26
341 343 60
341 383 2
342 9 1
342 21 21
342 70 12
342 96 10
342 119 126
342 122 1
342 142 13
342 191 83
342 197 1
342 204 35
342 296 1
342 323 4
342 343 146
342 359 14
342 373 7
342 383 2
343 9 1
343 18 40
343 21 2
343 71 3
343 96 6
343 119 15
343 142 10
343 191 6
343 323 2
343 343 69
343 373 5
343 383 1
344 9 1
344 18 1
344 21 8
344 70 5
344 119 23
344 142 99
344 191 6
344 343 74
344 359 5
344 383 1
345 21 7
345 70 2
345 197 9
345 343 7
345 359 2
346 73 2
346 142 7
346 214 2
346 343 5
347 343 49
347 359 1
348 21 6
348 70 5
348 73 11
348 96 6
348 119 13
348 142 79
348 191 3
348 214 5
348 343 70
348 359 5
348 386 16
349 96 2
349 119 6
349 142 157
349 204 2
349 343 166
349 373 2
349 383 18
350 343 9
351 142 6
351 343 13
351 359 4
352 142 4
352 343 5
353 96 1
353 142 15
353 191 1
353 208 2
353 209 2
353 343 46
353 349 90
353 367 10
353 373 2
353 383 17
354 18 15
354 73 2
354 96 1
354 214 4
354 343 13
355 73 5
355 96 3
355 102 2
355 142 216
355 214 7
355 343 90
355 367 16
355 383 20
356 142 64
356 343 36
356 383 7
357 142 1
357 214 1
357 343 5
358 142 5
358 343 2
359 21 9
359 70 5
359 73 2
359 96 2
359 119 2
359 142 46
359 191 1
359 214 3
359 343 66
359 359 5
360 189 4
360 191 1
360 343 47
361 9 2
361 18 14
361 41 4
361 71 1
361 96 6
361 142 10
361 146 3
361 191 2
361 204 1
361 214 3
361 325 9
361 343 26
361 367 4
361 383 4
361 386 5
362 21 2
362 142 8
362 224 7
362 325 1
362 343 35
362 373 14
363 9 1
363 21 4
363 96 2
363 119 4
363 142 66
363 191 2
363 204 1
363 265 11
363 323 1
363 343 45
363 383 3
364 27 11
364 78 4
364 96 5
364 142 116
364 191 2
364 204 1
364 323 2
364 343 18
364 383 12
364 386 5
365 191 13
365 343 10
366 343 1
367 343 2
368 119 4
368 191 1
368 197 1
368 323 2
368 343 20
369 21 3
369 142 6
369 343 8
370 9 2
370 16 17
370 18 1
370 20 8
370 21 5
370 70 6
370 96 9
370 119 22
370 142 10
370 191 13
370 197 1
370 204 10
370 226 18
370 334 4
370 343 53
370 359 5
370 383 4
371 18 13
371 214 2
371 343 11
371 383 1
372 18 1
372 21 4
372 70 3
372 96 10
372 119 3
372 142 23
372 189 34
372 191 19
372 204 4
372 334 2
372 343 51
372 359 4
372 381 2
372 383 7
372 386 3
373 21 7
373 96 2
373 119 5
373 142 18
373 191 3
373 197 1
373 323 1
373 334 1
373 343 15
373 373 4
373 383 2
374 142 1
374 343 2
375 73 2
375 91 6
375 96 5
375 142 180
375 191 5
375 209 2
375 343 111
376 2 2
376 9 1
376 20 4
376 71 5
376 96 13
376 142 74
376 191 7
376 196 1
376 204 1
376 214 2
376 334 6
376 343 88
376 373 11
376 383 5
377 20 2
377 21 3
377 73 4
377 76 2
377 96 5
377 142 12
377 214 4
377 334 1
377 343 15
377 383 2
377 386 8
378 9 1
378 20 8
378 71 10
378 73 12
378 76 9
378 96 36
378 142 294
378 189 11
378 191 14
378 204 3
378 214 17
378 247 4
378 325 2
378 334 1
378 343 212
378 369 25
378 381 5
378 383 10
379 96 3
379 191 2
379 343 19
379 383 4
380 3 2
380 21 67
380 73 2
380 96 1
380 142 88
380 214 4
380 238 1
380 343 51
380 359 7
381 21 1
381 343 2
382 3 1
382 21 1
382 96 4
382 142 4
382 171 1
382 197 5
382 238 3
382 343 12
383 18 2
383 343 1
384 9 3
384 20 3
384 73 4
384 96 2
384 119 4
384 142 7
384 204 1
384 214 5
384 343 44
385 98 2
385 142 18
385 343 11
386 21 19
386 70 10
386 76 2
386 96 1
386 142 2
386 343 24
386 359 10
387 3 3
387 18 30
387 73 1
387 91 3
387 142 36
387 164 2
387 214 1
387 343 26
387 373 2
387 383 15
388 142 1
388 189 76
388 204 1
388 343 80
389 343 93
390 21 4
390 70 4
390 96 3
390 119 8
390 142 28
390 191 4
390 197 17
390 343 40
390 359 4
390 383 8
391 21 4
391 70 4
391 119 1
391 191 1
391 204 2
391 323 1
391 343 10
391 359 4
391 383 3
392 343 12
393 18 2
393 21 8
393 70 5
393 119 3
393 191 2
393 204 1
393 343 34
393 359 6
394 142 2
394 343 11
394 383 1
395 18 4
395 142 9
395 191 2
395 343 14
396 18 1
396 343 156
397 20 6
397 73 3
397 76 17
397 96 10
397 119 5
397 142 134
397 297 2
397 343 106
397 383 29
398 21 1
398 70 1
398 142 15
398 343 19
398 359 1
399 20 3
399 21 5
399 70 2
399 96 1
399 119 1
399 142 19
399 147 2
399 197 5
399 247 3
399 334 1
399 343 9
399 359 2
399 383 4
400 73 1
400 119 1
400 142 5
400 214 4
400 343 25
400 383 33
401 73 1
401 142 2
401 197 1
401 214 1
401 343 4
401 383 10
402 9 2
402 20 2
402 96 13
402 119 37
402 142 8
402 191 16
402 204 2
402 343 38
402 383 2
403 96 22
403 142 35
403 343 21
403 383 1
404 343 3
405 142 1
405 343 33
406 191 1
406 343 5
407 71 13
407 96 11
407 119 9
407 142 4
407 191 5
407 323 2
407 343 55
407 381 1
408 9 2
408 18 1
408 20 1
408 21 4
408 71 16
408 76 3
408 96 14
408 119 18
408 142 17
408 191 32
408 197 1
408 323 1
408 343 68
408 381 1
408 383 4
409 9 3
409 73 2
409 91 1
409 96 2
409 119 28
409 142 6
409 191 14
409 204 2
409 214 2
409 343 37
410 142 1
410 343 18
410 373 1
411 122 1
412 9 2
412 96 1
412 142 10
412 191 3
412 208 3
412 265 41
412 343 175
412 373 8
412 381 2
412 383 23
413 73 9
413 96 3
413 119 4
413 142 14
413 191 4
413 204 1
413 214 10
413 323 2
413 343 70
414 142 1
414 189 33
414 204 1
414 343 33
415 73 2
415 142 1
415 214 2
415 343 49
416 343 6
417 18 95
417 21 3
417 71 2
417 73 9
417 96 3
417 142 40
417 191 8
417 214 12
417 343 144
418 343 17
419 21 7
419 70 5
419 71 2
419 73 5
419 96 5
419 119 16
419 142 3
419 191 4
419 197 3
419 204 1
419 214 5
419 334 1
419 343 61
419 359 5
419 373 6
419 383 15
419 385 1
419 386 1
420 96 3
420 119 7
420 142 62
420 191 1
420 323 2
420 343 17
421 21 5
421 71 2
421 96 1
421 119 4
421 191 9
421 323 3
421 343 10
422 343 3
423 21 1
423 78 2
423 96 4
423 142 32
423 343 34
424 9 1
424 18 1
424 27 3
424 78 2
424 96 6
424 191 8
424 204 4
424 208 3
424 333 34
424 343 42
424 383 13
425 9 1
425 18 14
425 27 2
425 71 1
425 75 6
425 96 13
425 129 89
425 142 16
425 191 3
425 192 5
425 204 6
425 293 7
425 343 206
425 383 70
425 386 10
426 21 1
426 142 1
426 171 2
426 343 4
427 197 48
427 343 39
427 383 3
428 21 2
428 119 27
428 142 16
428 163 44
428 191 2
428 214 5
428 343 212
428 373 10
428 383 1
429 142 1
429 265 2
429 343 150
430 343 2
431 142 9
431 343 8
432 18 153
432 71 1
432 91 2
432 96 3
432 142 11
432 191 4
432 214 3
432 343 30
432 383 1
433 76 2
433 96 9
433 142 18
433 191 3
433 208 3
433 265 37
433 334 2
433 343 127
434 96 7
434 142 60
434 189 12
434 297 6
434 334 1
434 343 50
435 18 1
435 343 7
436 2 2
436 71 3
436 76 7
436 91 11
436 96 12
436 98 2
436 102 2
436 104 5
436 119 3
436 142 146
436 146 1
436 164 3
436 191 10
436 204 1
436 214 7
436 247 3
436 323 2
436 325 3
436 334 1
436 343 122
436 373 1
436 381 2
436 383 30
436 386 1
437 343 7
438 9 1
438 18 6
438 73 3
438 96 3
438 102 12
438 104 13
438 119 5
438 142 9
438 191 6
438 214 3
438 215 2
438 343 51
438 383 15
439 24 1
439 96 7
439 124 1
439 142 11
439 189 109
439 191 2
439 265 3
439 334 2
439 343 78
439 383 2
439 386 3
440 96 1
440 343 7
440 383 2
441 343 3
442 21 2
442 41 20
442 71 8
442 96 38
442 142 112
442 191 34
442 334 2
442 343 207
442 373 18
442 386 23
443 343 1
444 343 3
445 20 3
445 21 13
445 70 8
445 96 6
445 197 1
445 334 9
445 343 56
445 359 8
445 383 1
446 71 2
446 76 2
446 96 1
446 142 4
446 191 3
446 343 8
446 383 12
447 9 5
447 18 4
447 41 4
447 71 2
447 96 19
447 119 81
447 142 222
447 191 46
447 204 11
447 323 2
447 325 9
447 343 231
447 373 2
447 379 6
447 381 2
447 383 29
448 142 297
448 208 1
448 343 48
448 373 2
449 142 1
449 343 8
450 21 2
450 98 2
450 119 10
450 142 62
450 191 4
450 323 3
450 343 144
450 383 9
450 386 3
451 343 13
451 349 112
452 9 2
452 18 2
452 21 6
452 96 2
452 142 178
452 186 41
452 208 4
452 209 4
452 334 2
452 343 84
452 367 2
452 383 1
453 142 2
453 189 5
453 204 2
453 343 18
453 383 2
454 3 9
454 9 1
454 21 1
454 31 1
454 78 2
454 96 5
454 102 1
454 104 1
454 106 4
454 119 8
454 142 61
454 191 4
454 238 9
454 334 11
454 343 60
454 386 3
455 142 47
455 343 66
456 18 38
456 20 2
456 21 1
456 41 1
456 76 2
456 96 11
456 102 5
456 104 2
456 119 17
456 142 57
456 191 14
456 197 1
456 204 4
456 325 6
456 338 8
456 343 104
456 367 6
456 373 8
456 379 2
456 381 7
456 383 9
456 386 7
457 343 1
458 21 2
458 70 12
458 96 1
458 119 2
458 142 40
458 191 4
458 204 2
458 343 72
458 359 14
458 373 1
459 343 1
460 20 3
460 21 2
460 70 3
460 91 3
460 96 13
460 119 10
460 141 6
460 142 19
460 147 8
460 191 17
460 197 2
460 204 3
460 219 4
460 226 8
460 334 1
460 343 62
460 367 1
460 381 5
460 383 17
461 3 6
461 9 1
461 21 11
461 31 2
461 73 8
461 96 13
461 119 2
461 142 44
461 191 1
461 214 6
461 236 24
461 238 4
461 247 8
461 338 4
461 343 136
461 373 3
461 383 1
461 386 4
462 18 26
462 24 3
462 96 1
462 208 1
462 293 3
462 343 14
463 343 16
463 383 8
464 343 9
465 18 22
465 96 1
465 142 67
465 189 16
465 204 1
465 333 1
465 343 45
465 383 2
466 142 2
466 343 1
467 9 2
467 73 5
467 96 11
467 119 36
467 142 27
467 164 1
467 191 19
467 204 2
467 214 8
467 265 3
467 323 2
467 333 1
467 334 1
467 338 2
467 343 112
467 367 9
467 373 1
467 383 23
467 386 4
468 9 2
468 76 3
468 96 13
468 119 7
468 142 22
468 191 6
468 204 5
468 214 2
468 305 2
468 323 2
468 325 2
468 343 75
468 379 1
468 381 3
468 383 26
469 71 1
469 142 12
469 148 1
469 343 59
469 373 15
470 20 1
470 96 6
470 142 176
470 325 17
470 343 128
470 383 15
471 9 1
471 18 8
471 96 10
471 142 61
471 333 2
471 343 67
471 383 4
472 343 1
473 343 6
474 3 8
474 9 6
474 20 7
474 27 4
474 70 2
474 71 12
474 73 18
474 76 2
474 78 3
474 96 35
474 119 49
474 142 43
474 164 1
474 191 49
474 204 8
474 214 27
474 215 1
474 238 6
474 323 2
474 334 1
474 343 224
474 381 2
474 383 9
475 3 22
475 21 4
475 31 1
475 70 3
475 76 1
475 96 24
475 142 27
475 238 28
475 297 1
475 329 1
475 334 1
475 343 67
475 359 3
475 381 5
475 383 1
476 9 1
476 18 8
476 96 1
476 119 2
476 142 8
476 214 2
476 334 1
476 343 21
476 383 1
477 142 1
477 343 7
478 9 4
478 21 7
478 70 6
478 119 45
478 142 90
478 191 11
478 197 7
478 204 11
478 343 92
478 359 6
478 383 4
479 21 1
479 343 10
480 71 3
480 96 7
480 142 7
480 191 4
480 334 4
480 343 31
480 367 1
480 383 18
481 96 2
481 142 2
481 189 21
481 204 3
481 343 21
481 383 4
482 21 1
482 142 11
482 191 2
482 196 2
482 214 3
482 343 40
483 21 11
483 70 8
483 343 29
483 359 8
484 142 6
484 265 2
484 343 17
485 343 1
486 343 1
487 21 2
487 70 1
487 343 23
487 359 1
488 21 3
488 70 4
488 91 4
488 142 6
488 197 6
488 343 48
488 359 2
488 383 1
489 21 3
489 70 1
489 96 2
489 191 1
489 204 1
489 343 5
489 359 1
489 383 4
490 73 3
490 96 2
490 102 7
490 104 5
490 106 2
490 119 2
490 142 121
490 191 1
490 214 9
490 280 1
490 343 66
490 373 2
490 383 2
491 9 8
491 18 24
491 91 2
491 96 20
491 119 26
491 142 67
491 191 22
491 204 5
491 219 3
491 334 9
491 343 80
491 379 2
491 383 13
492 21 2
492 142 25
492 343 29
492 359 8
493 343 3
494 18 1
494 21 9
494 70 2
494 142 1
494 197 11
494 343 11
494 359 2
495 9 1
495 20 1
495 21 83
495 41 2
495 76 4
495 91 14
495 96 4
495 119 17
495 142 95
495 191 8
495 196 2
495 197 3
495 204 3
495 247 4
495 325 2
495 334 1
495 343 57
495 379 1
495 383 1
496 20 3
496 76 3
496 96 2
496 142 11
496 189 3
496 191 1
496 208 1
496 209 2
496 334 2
496 343 102
497 21 4
497 96 1
497 142 7
497 197 16
497 343 37
497 383 1
498 9 4
498 21 2
498 96 9
498 119 42
498 142 8
498 146 3
498 191 17
498 197 2
498 204 7
498 323 1
498 329 2
498 343 60
498 383 6
499 21 2
499 76 2
499 96 2
499 119 10
499 142 2
499 191 3
499 204 1
499 343 20
499 383 3
500 293 2
500 343 1
501 142 2
501 343 38
501 383 3
502 18 50
502 96 10
502 119 6
502 142 1
502 191 4
502 202 1
502 204 1
502 215 2
502 343 53
502 383 2
503 9 1
503 71 3
503 73 1
503 96 9
503 142 5
503 191 23
503 204 2
503 208 2
503 214 1
503 343 60
503 383 10
504 343 1
504 383 1
505 142 5
505 343 2
506 142 1
506 191 1
506 343 8
507 343 56
508 191 2
508 208 1
508 343 7
509 18 140
509 21 13
509 70 12
509 119 22
509 142 55
509 189 210
509 191 6
509 204 4
509 343 174
509 359 12
509 383 4
510 142 160
510 343 31
511 3 1
511 16 3
511 21 1
511 31 1
511 73 4
511 78 2
511 96 6
511 164 1
511 197 8
511 214 4
511 238 1
511 343 43
511 383 111
512 343 1
513 9 1
513 191 2
513 343 39
513 383 4
514 76 4
514 96 16
514 142 2
514 191 3
514 204 1
514 247 2
514 334 1
514 343 15
514 383 8
515 18 2
515 343 2
516 343 21
517 142 2
517 343 2
517 383 2
518 21 3
518 73 1
518 96 1
518 197 2
518 204 1
518 208 1
518 343 11
519 73 11
519 191 3
519 214 11
519 343 227
520 20 2
520 73 3
520 96 4
520 142 8
520 189 164
520 191 4
520 204 2
520 208 1
520 214 4
520 323 2
520 325 2
520 343 32
520 381 1
520 383 2
521 21 4
521 70 2
521 191 1
521 343 11
521 359 2
522 21 20
522 73 1
522 119 2
522 142 47
522 214 1
522 343 18
523 343 8
523 383 1
524 21 5
524 70 4
524 71 2
524 73 2
524 76 5
524 96 11
524 142 68
524 164 3
524 191 2
524 197 1
524 204 8
524 214 5
524 247 1
524 334 5
524 343 117
524 359 4
524 383 126
525 3 2
525 9 1
525 96 7
525 102 1
525 119 21
525 142 16
525 191 11
525 204 3
525 238 2
525 334 2
525 343 62
525 383 12
525 386 21
526 21 4
526 70 4
526 96 1
526 142 2
526 204 1
526 325 1
526 343 16
526 359 4
526 383 2
527 21 1
527 119 3
527 142 45
527 204 1
527 214 2
527 323 2
527 325 1
527 343 17
528 96 1
528 142 1
528 204 1
528 343 2
528 386 1
529 21 6
529 142 3
529 191 2
529 343 7
